    0.40220961
    0.07506136
   -0.02472486
   -0.01927052
   -0.02782769
    0.08077255
   -0.02773734
    0.07092640
   -0.02655209
    0.03923624
    0.03831538
    0.03716714
    0.30990920
   -0.29656442
    0.05462111
    0.06542178
    0.06372882
   -0.07849073
   -0.11520090
   -0.13064485
   -0.08043115
   -0.14736598
   -0.12015191
   -0.06076328
    0.04716421
    0.04997832
    0.06367907
    0.04130198
    0.04587230
    0.04899299
    0.09254804
    0.04116806
    0.05195057
    0.05115353
    0.08644426
    0.07838623
    0.05860958
    0.04356159
    0.06467720
    0.04927628
    0.03960549
    0.04210742
   -0.32285595
    0.38214996
   -0.46303221
   -0.14243462
    0.06530722
    0.06673004
    0.06080437
   -0.43306186
   -0.36702051
    0.37475080
   -0.38705862
   -0.14739803
    0.07528915
    0.08481342
    0.07489586
