           1           2  0.85905249471833378     
           2           3   1.4155751343507603     
           2           4   1.4005639157558913     
           3           5   1.4282936297039603     
           4           5  0.11342872311145312     
           3           6  0.95180511145227331     
           3           7  0.10973992588349114     
           4           7   1.4446962470596985     
           4           8  0.95691798433022457     
           2           9  0.10342256697474234     
           5           9   1.4460647105616438     
           7           9   1.4316055713735798     
           5          10  0.96964984933766396     
           7          11  0.96982428749538374     
           9          12  0.97080505824001218     
           1          14  0.81771002748609545     
          13          15  0.45006101772814855     
          14          15   1.0052698319565656     
          15          16  0.93110599887989121     
          15          17  0.93355987959916331     
          16          18  0.98125052662090961     
          16          19  0.99570737349735439     
          16          20  0.99532129306155526     
          17          21  0.98217472768818082     
          17          22  0.99559536256305681     
          17          23  0.99449557714830883     
          18          24   1.0090354930207857     
          21          24   1.0089639079344692     
          18          25  0.97351748114729086     
          18          26  0.97337619485761417     
          19          27  0.98041397890030657     
          19          28  0.97770474514253780     
          19          29  0.98292817734012949     
          20          30  0.97754163218244550     
          20          31  0.96502769035404057     
          20          32  0.98258936973717237     
          21          33  0.97320406793626457     
          21          34  0.97340949682116307     
          22          35  0.95854542725998304     
          22          36  0.96000631258523728     
          22          37  0.97957036775516770     
          23          38  0.97670799875980718     
          23          39  0.98013403580151726     
          23          40  0.98274806823941163     
          24          41  0.97090526210435568     
          24          42  0.97474976791021883     
           1          43  0.67897236844358144     
          43          44   1.2681337180795376     
          43          45  0.18504428839910730     
          44          45   1.6422644057332549     
          44          46  0.96620487645273723     
          46          47  0.97521639740683708     
          46          48  0.96416936156979838     
          46          49  0.98483330926023482     
           1          50   1.3708347867769914     
          13          50  0.40111899815054941     
           1          51  0.47814356714740852     
          51          52   1.3990134560646696     
           1          53  0.37942320401068375     
          51          53  0.20359546337830242     
          52          53   1.4822901993317532     
          52          54  0.98007236379922968     
          54          55  0.97903730529877042     
          54          56  0.95584259982530906     
          54          57  0.97870475598804385     
