           1           2  0.79877932769055859     
           2           3   1.4142338435469624     
           2           4   1.4211385565851800     
           3           5   1.4256979620071837     
           4           5  0.11317013979307783     
           3           6  0.94673231188771978     
           3           7  0.11308254826652885     
           4           7   1.4268332257461620     
           4           8  0.95465619457068995     
           2           9  0.10084828718071676     
           5           9   1.4408449848637990     
           7           9   1.4412977073269957     
           5          10  0.96848573217850042     
           7          11  0.96903362889848355     
           9          12  0.97009857204880634     
           1          14  0.76505369208500162     
          13          15  0.76619399068519434     
          14          15   1.0141285342526749     
          15          16  0.88972829195755998     
          15          17  0.89348012336054206     
          16          18  0.98408805949528888     
          16          19   1.0029406579394120     
          16          20  0.99987028505645348     
          17          21  0.98467538858890924     
          17          22  0.99978967212836378     
          17          23   1.0022742237980646     
          18          24   1.0087650895700944     
          21          24   1.0087546455390173     
          18          25  0.97275178741128643     
          18          26  0.97073343500159170     
          19          27  0.97217374661886813     
          19          28  0.97497021029720288     
          19          29  0.97866118358884202     
          20          30  0.97443081015931077     
          20          31  0.96729495938140397     
          20          32  0.97969968738928415     
          21          33  0.97059938612301933     
          21          34  0.97245697678406329     
          22          35  0.96981542584085612     
          22          36  0.97042051574012578     
          22          37  0.97841397994668933     
          23          38  0.97385160803663728     
          23          39  0.97686037256850955     
          23          40  0.97958725992326201     
          24          41  0.96992875217953600     
          24          42  0.97386517169161102     
           1          43  0.53775262177914351     
          43          44   1.2688957953650477     
          43          45  0.18257573697848020     
          44          45   1.6511009099640812     
          44          46  0.96089150032344095     
          46          47  0.97613610569287601     
          46          48  0.96693702985890095     
          46          49  0.98583063833267126     
           1          50   1.5204533024090285     
          13          50  0.12639268251423741     
          51          52   1.7432653353456828     
           1          53  0.77921518023590353     
          51          53  0.16980717303267606     
          52          53   1.1612451319492227     
          52          54  0.96698956681131709     
          54          55  0.98262705605800560     
          54          56  0.96659213348507633     
          54          57  0.96682668069558508     
