    0.44522380
    0.06337996
   -0.01910804
   -0.01393087
   -0.02476283
    0.10212130
   -0.02461773
    0.07840139
   -0.02360748
    0.04789973
    0.04549306
    0.04364789
    0.29690353
   -0.27727822
    0.05328298
    0.06672748
    0.06385466
   -0.07682862
   -0.12027082
   -0.12628513
   -0.07831172
   -0.13768893
   -0.12002058
   -0.06003812
    0.04533040
    0.05143887
    0.07908527
    0.04462427
    0.04943697
    0.04718014
    0.08522024
    0.04585169
    0.05283402
    0.04918296
    0.07611470
    0.07044441
    0.05551299
    0.04708573
    0.06839101
    0.05115248
    0.04156499
    0.04441493
   -0.39619593
    0.37490539
   -0.46841748
   -0.13886607
    0.06203199
    0.06296303
    0.05907379
   -0.43559009
   -0.42138757
    0.37182080
   -0.34807330
   -0.14259227
    0.06872962
    0.07385692
    0.06868844
