           1           2  0.80106531857050678     
           2           3   1.4138671757450494     
           2           4   1.4172379696225617     
           3           5   1.4239922799514588     
           4           5  0.11307084257611823     
           3           6  0.94627717453849414     
           3           7  0.11294352542673919     
           4           7   1.4285990064997443     
           4           8  0.95519899697959698     
           2           9  0.10052735418279163     
           5           9   1.4421715896738854     
           7           9   1.4398725893672659     
           5          10  0.96818802861315767     
           7          11  0.96890676172354262     
           9          12  0.96987875999444084     
           1          14  0.83096110777849064     
          13          15  0.50756615735520372     
          14          15   1.0116451746903476     
          15          16  0.91139552690609393     
          15          17  0.91489911746304575     
          16          18  0.98350695844551028     
          16          19  0.99984565104852463     
          16          20  0.99904223889364685     
          17          21  0.98398568588945068     
          17          22  0.99879359912210308     
          17          23  0.99903180951238779     
          18          24   1.0089470845681738     
          21          24   1.0089542011520558     
          18          25  0.97322629626266866     
          18          26  0.97189515537635851     
          19          27  0.97551994457441749     
          19          28  0.97498832379075651     
          19          29  0.98048660557493428     
          20          30  0.97535454868846172     
          20          31  0.96955506906136601     
          20          32  0.98076748268154912     
          21          33  0.97180485459560562     
          21          34  0.97298757302427497     
          22          35  0.96863829479573416     
          22          36  0.97164414518416486     
          22          37  0.97916212907234712     
          23          38  0.97397421893487646     
          23          39  0.97873310140214220     
          23          40  0.98102607030677225     
          24          41  0.97022741345447006     
          24          42  0.97436300845341950     
           1          43  0.61367594781049217     
          43          44   1.2297206851371552     
          43          45  0.17713626117934367     
          44          45   1.6789734405591119     
          44          46  0.96507428186904254     
          46          47  0.97380050260994933     
          46          48  0.96494190924201750     
          46          49  0.98455574708208593     
           1          50   1.3661111755073450     
          13          50  0.36096984236093671     
          51          52   1.7347868010683811     
           1          53  0.75310316144278522     
          51          53  0.17028396849538099     
          52          53   1.1717982346461020     
          52          54  0.96571585506549362     
          54          55  0.98286993186502569     
          54          56  0.96712887834842798     
          54          57  0.96705157108517792     
