           1           2  0.85905347549097988     
           2           3   1.4155757165495366     
           2           4   1.4005650098480376     
           3           5   1.4282931620734334     
           4           5  0.11342891379577255     
           3           6  0.95180567786418879     
           3           7  0.10973992427279282     
           4           7   1.4446964330562844     
           4           8  0.95691815538955050     
           2           9  0.10342261764059889     
           5           9   1.4460650318573323     
           7           9   1.4316055876422120     
           5          10  0.96964997112877382     
           7          11  0.96982411318414952     
           9          12  0.97080498350052202     
           1          14  0.81770989213675715     
          13          15  0.45005877753968937     
          14          15   1.0052702882733615     
          15          16  0.93110502278134755     
          15          17  0.93355908935447407     
          16          18  0.98125052820320791     
          16          19  0.99570736761252021     
          16          20  0.99532119498562788     
          17          21  0.98217468649353401     
          17          22  0.99559531963777437     
          17          23  0.99449552111358774     
          18          24   1.0090355096802432     
          21          24   1.0089639215136512     
          18          25  0.97351746826045371     
          18          26  0.97337604097456965     
          19          27  0.98041390571699383     
          19          28  0.97770465462434175     
          19          29  0.98292807600241627     
          20          30  0.97754154525466141     
          20          31  0.96502754723420070     
          20          32  0.98258930225551988     
          21          33  0.97320391720272270     
          21          34  0.97340947945013223     
          22          35  0.95854489602963033     
          22          36  0.96000600130658098     
          22          37  0.97957029220327141     
          23          38  0.97670788657590413     
          23          39  0.98013394095286799     
          23          40  0.98274797612378095     
          24          41  0.97090517033027213     
          24          42  0.97474971623628759     
           1          43  0.67897052931675439     
          43          44   1.2681333413146971     
          43          45  0.18504565725869063     
          44          45   1.6422667006331662     
          44          46  0.96620472325099738     
          46          47  0.97521630317950381     
          46          48  0.96416924583720576     
          46          49  0.98483326313301067     
           1          50   1.3708346199185042     
          13          50  0.40112034072563540     
           1          51  0.47814094318477973     
          51          52   1.3990169267073949     
           1          53  0.37942002686414378     
          51          53  0.20359714143123947     
          52          53   1.4822917232885819     
          52          54  0.98007140356548650     
          54          55  0.97903754253863395     
          54          56  0.95584313584025538     
          54          57  0.97870500391794635     
