    0.44450922
    0.06124574
   -0.02026223
   -0.01357619
   -0.02624881
    0.10045038
   -0.02512079
    0.08128751
   -0.02462407
    0.04514437
    0.04398087
    0.04134255
    0.25113486
   -0.29528143
    0.13297005
    0.06103083
    0.05872394
   -0.07967892
   -0.12446523
   -0.12911241
   -0.08111502
   -0.14087567
   -0.12376082
   -0.06278532
    0.04785814
    0.05749148
    0.08952747
    0.04799138
    0.05697268
    0.05079813
    0.09372050
    0.05056697
    0.05880868
    0.05212841
    0.08126848
    0.07693728
    0.05965300
    0.05149194
    0.07592196
    0.05839194
    0.04492781
    0.04915286
   -0.42363287
    0.37387034
   -0.49094901
   -0.13616996
    0.05608830
    0.05476700
    0.05233173
   -0.45703212
   -0.41467995
    0.37195736
   -0.33685243
   -0.14268056
    0.06953543
    0.07489489
    0.07002939
