    0.44521767
    0.06338097
   -0.01910224
   -0.01392735
   -0.02476516
    0.10212296
   -0.02462231
    0.07840143
   -0.02360944
    0.04790055
    0.04549348
    0.04364903
    0.29690150
   -0.27726684
    0.05328011
    0.06673172
    0.06385835
   -0.07682821
   -0.12027166
   -0.12628629
   -0.07831099
   -0.13769017
   -0.12002101
   -0.06003816
    0.04532845
    0.05143786
    0.07908562
    0.04462388
    0.04943656
    0.04717957
    0.08522115
    0.04585144
    0.05283277
    0.04918085
    0.07611576
    0.07044355
    0.05551273
    0.04708535
    0.06839104
    0.05115172
    0.04156422
    0.04441433
   -0.39619364
    0.37490057
   -0.46841219
   -0.13886583
    0.06203142
    0.06296209
    0.05907345
   -0.43558348
   -0.42138287
    0.37181754
   -0.34807530
   -0.14258934
    0.06872597
    0.07385260
    0.06868421
