           1           2  0.80106449059028739     
           2           3   1.4138662626804346     
           2           4   1.4172380725972380     
           3           5   1.4239906677649190     
           4           5  0.11307181694655015     
           3           6  0.94627730546105970     
           3           7  0.11294387589739611     
           4           7   1.4285982162791073     
           4           8  0.95520022066157828     
           2           9  0.10052661684349659     
           5           9   1.4421723708584369     
           7           9   1.4398733535890320     
           5          10  0.96818823030703538     
           7          11  0.96890679335490226     
           9          12  0.96987848797033727     
           1          14  0.83097176202601397     
          13          15  0.50756711603690274     
          14          15   1.0116435031436999     
          15          16  0.91139558387933861     
          15          17  0.91489950246321294     
          16          18  0.98350694569389663     
          16          19  0.99984559691316632     
          16          20  0.99904208004023276     
          17          21  0.98398561622500980     
          17          22  0.99879347306421795     
          17          23  0.99903171238088928     
          18          24   1.0089469961337432     
          21          24   1.0089541052225575     
          18          25  0.97322621062179537     
          18          26  0.97189519581044193     
          19          27  0.97551996180631007     
          19          28  0.97498847161778357     
          19          29  0.98048664216971249     
          20          30  0.97535431761328673     
          20          31  0.96955476431328358     
          20          32  0.98076741141243196     
          21          33  0.97180489466203701     
          21          34  0.97298750068643580     
          22          35  0.96863819221205483     
          22          36  0.97164388816050773     
          22          37  0.97916209610527316     
          23          38  0.97397436821591732     
          23          39  0.97873305769178176     
          23          40  0.98102608281184578     
          24          41  0.97022752894841757     
          24          42  0.97436303295049054     
           1          43  0.61366322176811150     
          43          44   1.2297241137318489     
          43          45  0.17713743002172894     
          44          45   1.6789725109399953     
          44          46  0.96507512138715312     
          46          47  0.97380057239109752     
          46          48  0.96494175288241035     
          46          49  0.98455593265892394     
           1          50   1.3661168309248759     
          13          50  0.36096517312459314     
          51          52   1.7347922895861183     
           1          53  0.75309059685541513     
          51          53  0.17028487986950716     
          52          53   1.1717975325462433     
          52          54  0.96571585857035014     
          54          55  0.98287018049161989     
          54          56  0.96712936193817589     
          54          57  0.96705213057162742     
