    0.44402621
    0.06553800
   -0.01724446
   -0.01443712
   -0.02265641
    0.10170032
   -0.02388337
    0.07557802
   -0.02236774
    0.05094298
    0.04749141
    0.04633199
    0.34892045
   -0.25482550
   -0.05081054
    0.07565320
    0.07241322
   -0.07274195
   -0.11455849
   -0.11903869
   -0.07414824
   -0.13167178
   -0.11422037
   -0.05653614
    0.03927123
    0.04331010
    0.06658878
    0.03820585
    0.03864624
    0.03794546
    0.07221345
    0.03902644
    0.04452139
    0.04246890
    0.06861613
    0.05884093
    0.04892409
    0.04045547
    0.05633417
    0.04038625
    0.03762220
    0.03766312
   -0.35959771
    0.37519526
   -0.44013082
   -0.14271505
    0.06992473
    0.07259986
    0.06774463
   -0.39006203
   -0.42652974
    0.37160701
   -0.35549568
   -0.14259974
    0.06800944
    0.07344925
    0.06810541
