           1           2  0.79978442714515829     
           2           3   1.4140524353729360     
           2           4   1.4138030765214524     
           3           5   1.4223716333510950     
           4           5  0.11284188212995253     
           3           6  0.94682933964463878     
           3           7  0.11265355422381136     
           4           7   1.4299198409064138     
           4           8  0.95554950856251297     
           2           9  0.10022063016523766     
           5           9   1.4431606464361593     
           7           9   1.4386570419327873     
           5          10  0.96783255506863153     
           7          11  0.96871163392335302     
           9          12  0.96960504097309463     
           1          14  0.92114885408045899     
          13          15  0.10400156975039934     
          14          15  0.99870363893252678     
          15          16  0.93729986737084259     
          15          17  0.94198375572570636     
          16          18  0.98222561767958905     
          16          19  0.99499406676440483     
          16          20  0.99714778996779552     
          17          21  0.98247030021300785     
          17          22  0.99673680492148564     
          17          23  0.99388977480941065     
          18          24   1.0090111663052987     
          21          24   1.0090789430434723     
          18          25  0.97420745054711833     
          18          26  0.97334994329705171     
          19          27  0.97798075225420833     
          19          28  0.97578450474632761     
          19          29  0.98263621490236286     
          20          30  0.97747747186612821     
          20          31  0.97387771035001125     
          20          32  0.98251356342690777     
          21          33  0.97338397789144904     
          21          34  0.97408455601627730     
          22          35  0.96817918783480172     
          22          36  0.97324388806657491     
          22          37  0.98047154514731727     
          23          38  0.97503817569015805     
          23          39  0.98103075212321944     
          23          40  0.98300269183316991     
          24          41  0.97059426044766062     
          24          42  0.97505894814553995     
           1          43  0.71334071834243695     
          43          44   1.1807939667176737     
          43          45  0.16979942149922958     
          44          45   1.7126639616535388     
          44          46  0.96989969395606401     
          46          47  0.97088135671095588     
          46          48  0.96205319479755091     
          46          49  0.98269997771182305     
           1          50   1.1567228205958509     
          13          50  0.73693594540384910     
          51          52   1.7300936126596151     
           1          53  0.73600815272594544     
          51          53  0.16953932514613662     
          52          53   1.1777677540000600     
          52          54  0.96506291011641621     
          54          55  0.98296529240064334     
          54          56  0.96707964796392287     
          54          57  0.96736721470052234     
