    0.40221214
    0.07505888
   -0.02471965
   -0.01927008
   -0.02782798
    0.08077086
   -0.02774166
    0.07092445
   -0.02655100
    0.03923542
    0.03831541
    0.03716645
    0.30991044
   -0.29656207
    0.05462136
    0.06542152
    0.06372872
   -0.07849172
   -0.11520203
   -0.13064600
   -0.08043219
   -0.14736716
   -0.12015305
   -0.06076394
    0.04716536
    0.04997940
    0.06367975
    0.04130295
    0.04587310
    0.04899424
    0.09254807
    0.04116849
    0.05195161
    0.05115481
    0.08644400
    0.07838724
    0.05861034
    0.04356252
    0.06467805
    0.04927695
    0.03960648
    0.04210827
   -0.32285762
    0.38214895
   -0.46303280
   -0.14243479
    0.06530766
    0.06673081
    0.06080453
   -0.43306038
   -0.36702535
    0.37475241
   -0.38706264
   -0.14739839
    0.07528927
    0.08481350
    0.07489609
